1
5e-05	0	0	0.05	0	0
-2.4	0	0	0	0	0
2
0.00019	0	0	0.09	0	0
-2.39999	0	0	0.01	0	0
3
0.000394	0	0	0.114	0	0
-2.39994	0	0	0.036	0	0
4
0.0006304	0	0	0.1224	0	0
-2.39983	0	0	0.0776	0	0
5
0.00087464	0	0	0.12184	0	0
-2.39962	0	0	0.12816	0	0
6
0.00111902	0	0	0.122544	0	0
-2.39932	0	0	0.177456	0	0
7
0.0013758	0	0	0.13423	0	0
-2.39893	0	0	0.21577	0	0
8
0.00167225	0	0	0.162225	0	0
-2.39847	0	0	0.237775	0	0
9
0.00203981	0	0	0.205329	0	0
-2.39799	0	0	0.244671	0	0
10
0.00250144	0	0	0.256302	0	0
-2.3975	0	0	0.243698	0	0
11
0.00306249	0	0	0.304754	0	0
-2.39701	0	0	0.245246	0	0
12
0.00370855	0	0	0.341304	0	0
-2.39651	0	0	0.258696	0	0
13
0.00441119	0	0	0.361333	0	0
-2.39596	0	0	0.288667	0	0
14
0.00513935	0	0	0.366829	0	0
-2.39534	0	0	0.333171	0	0
15
0.00587177	0	0	0.365593	0	0
-2.39462	0	0	0.384407	0	0
16
0.00660548	0	0	0.36812	0	0
-2.39381	0	0	0.43188	0	0
17
0.007357	0	0	0.383399	0	0
-2.39291	0	0	0.466601	0	0
18
0.00815572	0	0	0.415318	0	0
-2.39196	0	0	0.484682	0	0
19
0.00903215	0	0	0.461111	0	0
-2.39098	0	0	0.488889	0	0
20
0.0100057	0	0	0.512459	0	0
-2.39001	0	0	0.487541	0	0
21
0.011077	0	0	0.558823	0	0
-2.38903	0	0	0.491177	0	0
22
0.0122275	0	0	0.591658	0	0
-2.38803	0	0	0.508342	0	0
23
0.013427	0	0	0.60783	0	0
-2.38698	0	0	0.54217	0	0
24
0.0146457	0	0	0.61087	0	0
-2.38585	0	0	0.58913	0	0
25
0.0158661	0	0	0.609562	0	0
-2.38462	0	0	0.640438	0	0
26
0.0170901	0	0	0.614429	0	0
-2.38329	0	0	0.685571	0	0
27
0.018338	0	0	0.633524	0	0
-2.38189	0	0	0.716476	0	0
28
0.0196408	0	0	0.66921	0	0
-2.38044	0	0	0.73079	0	0
29
0.0210272	0	0	0.717212	0	0
-2.37898	0	0	0.732788	0	0
30
0.0225127	0	0	0.768271	-5.21663e-05	-1.9601e-05
-2.37751	0	0	0.731641	-3.61932e-05	-8.87102e-05
31
0.0240931	-1.04333e-07	-3.92021e-08	0.81206	-5.21663e-05	-1.96012e-05
-2.37604	-7.23865e-08	-1.7742e-07	0.737853	-3.61933e-05	-8.871e-05
32
0.0257461	-2.08665e-07	-7.84063e-08	0.841007	-5.21659e-05	-1.9603e-05
-2.37455	-1.44773e-07	-3.54838e-07	0.758906	-3.61937e-05	-8.87082e-05
33
0.0274407	-3.12995e-07	-1.17618e-07	0.853533	-5.21646e-05	-1.96084e-05
-2.37299	-2.17162e-07	-5.32249e-07	0.796379	-3.61949e-05	-8.87028e-05
34
0.0291488	-4.17322e-07	-1.56844e-07	0.854629	-5.21623e-05	-1.96182e-05
-2.37135	-2.89554e-07	-7.09645e-07	0.845283	-3.61972e-05	-8.86929e-05
35
0.0308573	-5.21644e-07	-1.96094e-07	0.853856	-5.21593e-05	-1.96314e-05
-2.36961	-3.61952e-07	-8.87018e-07	0.896056	-3.62002e-05	-8.86798e-05
36
0.0325727	-6.25959e-07	-2.3537e-07	0.861523	-5.21562e-05	-1.96448e-05
-2.36777	-4.34355e-07	-1.06436e-06	0.93839	-3.62033e-05	-8.86664e-05
37
0.0343188	-7.30269e-07	-2.7467e-07	0.884563	-5.21539e-05	-1.96549e-05
-2.36587	-5.06764e-07	-1.24169e-06	0.965349	-3.62057e-05	-8.86563e-05
38
0.0361271	-8.34576e-07	-3.13984e-07	0.92376	-5.21528e-05	-1.96595e-05
-2.36393	-5.79177e-07	-1.41899e-06	0.976152	-3.62067e-05	-8.86516e-05
39
0.0380243	-9.38881e-07	-3.53303e-07	0.973436	-5.21527e-05	-1.96597e-05
-2.36198	-6.5159e-07	-1.5963e-06	0.976476	-3.62068e-05	-8.86514e-05
40
0.0400215	-1.04319e-06	-3.92622e-07	1.02372	-5.21528e-05	-1.96595e-05
-2.36002	-7.24004e-07	-1.7736e-06	0.976193	-3.62067e-05	-8.86516e-05
41
0.0421097	-1.14749e-06	-4.31947e-07	1.0645	-5.21515e-05	-1.96651e-05
-2.35806	-7.96418e-07	-1.9509e-06	0.985414	-3.6208e-05	-8.8646e-05
42
0.0442636	-1.25179e-06	-4.71294e-07	1.08946	-5.21477e-05	-1.96817e-05
-2.35607	-8.68838e-07	-2.12817e-06	1.01045	-3.62119e-05	-8.86295e-05
43
0.0464517	-1.35608e-06	-5.10687e-07	1.09862	-5.21409e-05	-1.9711e-05
-2.354	-9.41269e-07	-2.3054e-06	1.05129	-3.62186e-05	-8.86001e-05
44
0.0486487	-1.46035e-06	-5.50148e-07	1.09831	-5.21319e-05	-1.97501e-05
-2.35185	-1.01372e-06	-2.48256e-06	1.1016	-3.62277e-05	-8.85611e-05
45
0.0508456	-1.56461e-06	-5.89689e-07	1.09867	-5.21223e-05	-1.97915e-05
-2.3496	-1.08618e-06	-2.65964e-06	1.15125	-3.62372e-05	-8.85197e-05
46
0.0530538	-1.66884e-06	-6.29307e-07	1.10953	-5.21142e-05	-1.98263e-05
-2.34726	-1.15866e-06	-2.83665e-06	1.19038	-3.62453e-05	-8.84848e-05
47
0.0552999	-1.77307e-06	-6.68982e-07	1.13657	-5.21092e-05	-1.98481e-05
-2.34485	-1.23116e-06	-3.0136e-06	1.21334	-3.62503e-05	-8.8463e-05
48
0.0576155	-1.87728e-06	-7.08685e-07	1.17896	-5.21074e-05	-1.98558e-05
-2.34242	-1.30366e-06	-3.19052e-06	1.22095	-3.62521e-05	-8.84554e-05
49
0.0600242	-1.9815e-06	-7.48396e-07	1.22975	-5.21076e-05	-1.98549e-05
-2.33998	-1.37616e-06	-3.36743e-06	1.22016	-3.62519e-05	-8.84562e-05
50
0.0625326	-2.08571e-06	-7.88107e-07	1.27862	-5.21073e-05	-1.98562e-05
-2.33754	-1.44867e-06	-3.54434e-06	1.22129	-3.62522e-05	-8.84549e-05
51
0.0651272	-2.18992e-06	-8.27835e-07	1.31603	-5.21039e-05	-1.9871e-05
-2.33508	-1.52118e-06	-3.72123e-06	1.23389	-3.62556e-05	-8.84401e-05
52
0.0677802	-2.29412e-06	-8.67612e-07	1.337	-5.20956e-05	-1.99068e-05
-2.33258	-1.5937e-06	-3.89808e-06	1.26291	-3.62639e-05	-8.84043e-05
53
0.0704604	-2.3983e-06	-9.07483e-07	1.34316	-5.20825e-05	-1.99634e-05
-2.33001	-1.66624e-06	-4.07483e-06	1.30675	-3.6277e-05	-8.83477e-05
54
0.0731456	-2.50245e-06	-9.47478e-07	1.34204	-5.20666e-05	-2.00323e-05
-2.32735	-1.73881e-06	-4.25146e-06	1.35788	-3.62929e-05	-8.82788e-05
55
0.0758317	-2.60657e-06	-9.8761e-07	1.34408	-5.2051e-05	-2.00997e-05
-2.32459	-1.81141e-06	-4.42795e-06	1.40583	-3.63085e-05	-8.82114e-05
56
0.0785343	-2.71066e-06	-1.02786e-06	1.35847	-5.2039e-05	-2.01518e-05
-2.32174	-1.88404e-06	-4.60432e-06	1.44144	-3.63205e-05	-8.81594e-05
57
0.0812822	-2.81473e-06	-1.06819e-06	1.38946	-5.20323e-05	-2.01806e-05
-2.31884	-1.95668e-06	-4.78061e-06	1.46045	-3.63272e-05	-8.81305e-05
58
0.0841063	-2.91879e-06	-1.10856e-06	1.43465	-5.20306e-05	-2.01882e-05
-2.31591	-2.02934e-06	-4.95686e-06	1.46527	-3.63289e-05	-8.81229e-05
59
0.0870269	-3.02285e-06	-1.14894e-06	1.48595	-5.20311e-05	-2.01861e-05
-2.31298	-2.102e-06	-5.13311e-06	1.46396	-3.63284e-05	-8.81251e-05
60
0.0900457	-3.12692e-06	-1.18931e-06	1.53284	-0.000102916	-8.04763e-06
-2.31005	-2.17466e-06	-5.30935e-06	1.46691	0.00010867	2.84707e-05
61
0.0931452	-3.33274e-06	-1.20544e-06	1.56658	-0.000102908	-8.0753e-06
-2.3071	-1.95732e-06	-5.25238e-06	1.48318	0.000108662	2.84984e-05
62
0.0962954	-3.53853e-06	-1.22164e-06	1.58363	-0.000102887	-8.13034e-06
-2.3041	-1.74002e-06	-5.19533e-06	1.51612	0.00010864	2.85534e-05
63
0.0994662	-3.74427e-06	-1.23798e-06	1.58719	-0.000102848	-8.20652e-06
-2.30102	-1.52278e-06	-5.13815e-06	1.56257	0.000108601	2.86296e-05
64
0.102639	-3.94991e-06	-1.25448e-06	1.58582	-0.000102796	-8.28919e-06
-2.29785	-1.30563e-06	-5.08081e-06	1.61394	0.000108549	2.87123e-05
65
0.105815	-4.15545e-06	-1.27113e-06	1.59007	-0.000102741	-8.3614e-06
-2.29457	-1.08859e-06	-5.02331e-06	1.65969	0.000108495	2.87845e-05
66
0.109013	-4.36089e-06	-1.2879e-06	1.60825	-0.000102698	-8.41066e-06
-2.29122	-8.71639e-07	-4.96569e-06	1.69151	0.000108451	2.88338e-05
67
0.112265	-4.56626e-06	-1.30474e-06	1.64308	-0.000102674	-8.43367e-06
-2.28782	-6.5476e-07	-4.908e-06	1.70668	0.000108428	2.88568e-05
68
0.115598	-4.7716e-06	-1.32161e-06	1.69063	-0.00010267	-8.43731e-06
-2.28441	-4.37908e-07	-4.85028e-06	1.70913	0.000108424	2.88604e-05
69
0.119031	-4.97695e-06	-1.33849e-06	1.74188	-0.000102673	-8.43549e-06
-2.28099	-2.21058e-07	-4.79257e-06	1.70788	0.000108426	2.88586e-05
70
0.122559	-5.18228e-06	-1.35537e-06	1.78633	-0.000102661	-8.44339e-06
-2.27757	-4.21716e-09	-4.73484e-06	1.71343	0.000108415	2.88665e-05
71
0.126162	-5.38756e-06	-1.37228e-06	1.8162	-0.000102616	-8.47142e-06
-2.27412	2.12567e-07	-4.67708e-06	1.73356	0.00010837	2.88945e-05
72
0.129807	-5.5927e-06	-1.38927e-06	1.82954	-0.000102527	-8.52132e-06
-2.27062	4.29217e-07	-4.61924e-06	1.77022	0.000108281	2.89444e-05
73
0.133468	-5.79763e-06	-1.40638e-06	1.83102	-0.000102401	-8.58585e-06
-2.26703	6.45653e-07	-4.56129e-06	1.81874	0.000108155	2.9009e-05
74
0.137129	-6.00229e-06	-1.42362e-06	1.83004	-0.00010226	-8.65205e-06
-2.26334	8.61821e-07	-4.5032e-06	1.86972	0.000108013	2.90752e-05
75
0.140796	-6.20668e-06	-1.44098e-06	1.837	-0.000102133	-8.70659e-06
-2.25956	1.07772e-06	-4.445e-06	1.91276	0.000107887	2.91297e-05
76
0.144492	-6.41086e-06	-1.45842e-06	1.85911	-0.000102046	-8.74106e-06
-2.25571	1.29341e-06	-4.3867e-06	1.94065	0.0001078	2.91642e-05
77
0.148249	-6.61492e-06	-1.47592e-06	1.89752	-0.000102008	-8.75501e-06
-2.25181	1.50897e-06	-4.32836e-06	1.95223	0.000107761	2.91781e-05
78
0.152093	-6.81893e-06	-1.49343e-06	1.94688	-0.000102005	-8.75576e-06
-2.24791	1.72449e-06	-4.27001e-06	1.95287	0.000107759	2.91789e-05
79
0.156038	-7.02294e-06	-1.51094e-06	1.99744	-0.000102007	-8.75513e-06
-2.244	1.94001e-06	-4.21165e-06	1.95232	0.000107761	2.91782e-05
80
0.160074	-7.22692e-06	-1.52846e-06	2.03897	-0.000101975	-8.76452e-06
-2.24009	2.1555e-06	-4.15328e-06	1.96078	0.000107729	2.91876e-05
81
0.164178	-7.43078e-06	-1.54602e-06	2.06487	-0.000101879	-8.7905e-06
-2.23614	2.37086e-06	-4.09488e-06	1.98489	0.000107632	2.92136e-05
82
0.168317	-7.63437e-06	-1.56364e-06	2.07477	-0.000101712	-8.83245e-06
-2.23213	2.58596e-06	-4.03641e-06	2.02499	0.000107465	2.92556e-05
83
0.172467	-7.83757e-06	-1.58136e-06	2.07471	-0.000101494	-8.88322e-06
-2.22803	2.80067e-06	-3.97785e-06	2.07505	0.000107248	2.93063e-05
84
0.176616	-8.04034e-06	-1.59917e-06	2.07472	-0.000101268	-8.93233e-06
-2.22383	3.01494e-06	-3.91919e-06	2.12504	0.000107022	2.93554e-05
85
0.180776	-8.24269e-06	-1.61707e-06	2.0848	-0.000101081	-8.97028e-06
-2.21954	3.2288e-06	-3.86044e-06	2.16496	0.000106835	2.93934e-05
86
0.184972	-8.44473e-06	-1.63504e-06	2.1109	-0.000100965	-8.99223e-06
-2.21519	3.44235e-06	-3.80163e-06	2.18885	0.000106718	2.94153e-05
87
0.189235	-8.64662e-06	-1.65303e-06	2.1526	-0.000100923	-8.99959e-06
-2.2108	3.65574e-06	-3.74279e-06	2.19716	0.000106676	2.94227e-05
88
0.193591	-8.84847e-06	-1.67103e-06	2.20321	-0.000100926	-8.99907e-06
-2.20641	3.8691e-06	-3.68395e-06	2.19655	0.00010668	2.94222e-05
89
0.198047	-9.05031e-06	-1.68903e-06	2.25249	-0.000100922	-8.99966e-06
-2.20202	4.08246e-06	-3.6251e-06	2.19727	0.000106676	2.94228e-05
90
0.20259	-9.25209e-06	-1.70703e-06	2.29062	-0.000205355	3.43368e-06
-2.19761	4.29574e-06	-3.56625e-06	2.20886	0.000228727	0.000119635
91
0.207193	-9.66264e-06	-1.70019e-06	2.31251	-0.000205191	3.41327e-06
-2.19316	4.75303e-06	-3.32696e-06	2.23697	0.000228563	0.000119656
92
0.211825	-1.00728e-05	-1.69339e-06	2.31929	-0.000204924	3.38607e-06
-2.18865	5.20989e-06	-3.08762e-06	2.28019	0.000228296	0.000119683
93
0.216462	-1.04823e-05	-1.68664e-06	2.31825	-0.00020459	3.3589e-06
-2.18404	5.66615e-06	-2.84823e-06	2.33122	0.000227962	0.00011971
94
0.2211	-1.08911e-05	-1.67995e-06	2.31981	-0.000204255	3.33781e-06
-2.17932	6.12174e-06	-2.60879e-06	2.37967	0.000227627	0.000119731
95
0.225753	-1.12994e-05	-1.67328e-06	2.33334	-0.00020399	3.32546e-06
-2.17453	6.57672e-06	-2.36931e-06	2.41614	0.000227362	0.000119743
96
0.23045	-1.17072e-05	-1.66664e-06	2.36343	-0.000203838	3.32066e-06
-2.16968	7.0313e-06	-2.12982e-06	2.43605	0.00022721	0.000119748
97
0.235222	-1.21148e-05	-1.66e-06	2.40804	-0.000203795	3.31988e-06
-2.1648	7.48567e-06	-1.89032e-06	2.44143	0.000227167	0.000119749
98
0.240089	-1.25224e-05	-1.65336e-06	2.45933	-0.000203806	3.31994e-06
-2.15992	7.94002e-06	-1.65082e-06	2.44014	0.000227178	0.000119749
99
0.245055	-1.293e-05	-1.64672e-06	2.50679	-0.000203784	3.32006e-06
-2.15503	8.39435e-06	-1.41133e-06	2.44269	0.000227156	0.000119749
100
0.250103	-1.33374e-05	-1.64007e-06	2.54142	-0.000203645	3.32232e-06
-2.15013	8.84852e-06	-1.17183e-06	2.45805	0.000227016	0.000119747
101
0.255204	-1.37444e-05	-1.63342e-06	2.55938	-0.000203343	3.33012e-06
-2.14519	9.30225e-06	-9.32346e-07	2.49009	0.000226714	0.000119739
102
0.260327	-1.41507e-05	-1.62675e-06	2.56349	-0.000202894	3.34575e-06
-2.14016	9.75523e-06	-6.92884e-07	2.53599	0.000226266	0.000119723
103
0.265453	-1.45559e-05	-1.62003e-06	2.56209	-0.000202373	3.36824e-06
-2.13504	1.02072e-05	-4.53461e-07	2.58739	0.000225745	0.000119701
104
0.27058	-1.49602e-05	-1.61327e-06	2.56575	-0.000201887	3.393e-06
-2.12981	1.06582e-05	-2.14084e-07	2.63372	0.000225258	0.000119676
105
0.275729	-1.53636e-05	-1.60646e-06	2.58301	-0.000201531	3.41367e-06
-2.12451	1.11084e-05	2.52468e-08	2.66647	0.000224903	0.000119655
106
0.280929	-1.57665e-05	-1.59962e-06	2.61696	-0.000201352	3.42536e-06
-2.11917	1.1558e-05	2.64545e-07	2.68252	0.000224723	0.000119643
107
0.28621	-1.61692e-05	-1.59277e-06	2.66402	-0.000201318	3.42779e-06
-2.1138	1.20074e-05	5.0383e-07	2.68546	0.000224689	0.000119641
108
0.29159	-1.65718e-05	-1.58592e-06	2.71537	-0.000201334	3.42655e-06
-2.10843	1.24568e-05	7.43113e-07	2.68411	0.000224705	0.000119642
109
0.297065	-1.69744e-05	-1.57906e-06	2.76046	-0.000201273	3.43154e-06
-2.10306	1.29062e-05	9.82393e-07	2.68901	0.000224645	0.000119637
110
0.302617	-1.73767e-05	-1.57217e-06	2.79127	-0.000201031	3.45295e-06
-2.09766	1.33552e-05	1.22165e-06	2.70821	0.000224403	0.000119616
111
0.308214	-1.77783e-05	-1.56523e-06	2.80546	-0.000200566	3.49636e-06
-2.09221	1.38036e-05	1.46083e-06	2.74401	0.000223938	0.000119572
112
0.313827	-1.81788e-05	-1.55817e-06	2.80737	-0.000199925	3.55932e-06
-2.08667	1.42508e-05	1.69992e-06	2.79211	0.000223297	0.00011951
113
0.31944	-1.8578e-05	-1.55098e-06	2.80622	-0.000199225	3.63121e-06
-2.08103	1.46967e-05	1.93886e-06	2.84326	0.000222597	0.000119438
114
0.325059	-1.89758e-05	-1.54365e-06	2.81248	-0.000198611	3.69691e-06
-2.0753	1.51413e-05	2.17767e-06	2.887	0.000221983	0.000119372
115
0.330705	-1.93726e-05	-1.53621e-06	2.83364	-0.000198196	3.74301e-06
-2.0695	1.55848e-05	2.41637e-06	2.91583	0.000221568	0.000119326
116
0.33641	-1.97688e-05	-1.5287e-06	2.87124	-0.000198013	3.76402e-06
-2.06366	1.60278e-05	2.655e-06	2.92823	0.000221385	0.000119305
117
0.342201	-2.01648e-05	-1.52117e-06	2.92024	-0.000197998	3.76582e-06
-2.0578	1.64705e-05	2.89361e-06	2.92923	0.00022137	0.000119303
118
0.348093	-2.05608e-05	-1.51364e-06	2.97104	-0.000198011	3.76431e-06
-2.05194	1.69133e-05	3.13222e-06	2.92843	0.000221382	0.000119305
119
0.354077	-2.09567e-05	-1.5061e-06	3.01332	-0.000197889	3.77963e-06
-2.04608	1.73559e-05	3.37081e-06	2.93616	0.00022126	0.000119289
120
0.360131	-2.13521e-05	-1.49849e-06	3.03998	-0.000269605	3.926e-06
-2.04018	1.77981e-05	3.60934e-06	2.95932	-2.05134e-05	-2.06041e-05
121
0.366221	-2.18907e-05	-1.49056e-06	3.05067	-0.00026896	4.00924e-06
-2.03422	1.77564e-05	3.56805e-06	2.99862	-2.11585e-05	-2.06873e-05
122
0.372323	-2.24278e-05	-1.48243e-06	3.05096	-0.000268133	4.1135e-06
-2.02818	1.77133e-05	3.52657e-06	3.04834	-2.19848e-05	-2.07916e-05
123
0.378425	-2.29632e-05	-1.4741e-06	3.05072	-0.000267288	4.21781e-06
-2.02203	1.76685e-05	3.48488e-06	3.09858	-2.28301e-05	-2.08959e-05
124
0.384535	-2.34971e-05	-1.46558e-06	3.06005	-0.000266595	4.3014e-06
-2.01579	1.76221e-05	3.44301e-06	3.13925	-2.35226e-05	-2.09795e-05
125
0.390681	-2.40299e-05	-1.45693e-06	3.08522	-0.000266168	4.35192e-06
-2.00949	1.75746e-05	3.401e-06	3.16408	-2.39504e-05	-2.103e-05
126
0.396892	-2.4562e-05	-1.44821e-06	3.12616	-0.00026601	4.37015e-06
-2.00315	1.75266e-05	3.35892e-06	3.17313	-2.41084e-05	-2.10482e-05
127
0.403195	-2.50941e-05	-1.43947e-06	3.1765	-0.000266016	4.36948e-06
-1.99681	1.74784e-05	3.31682e-06	3.1728	-2.41024e-05	-2.10476e-05
128
0.409597	-2.56261e-05	-1.43073e-06	3.2261	-0.000266008	4.37028e-06
-1.99046	1.74301e-05	3.27473e-06	3.1732	-2.41096e-05	-2.10484e-05
129
0.416088	-2.61579e-05	-1.42197e-06	3.26511	-0.00026581	4.3917e-06
-1.9841	1.73817e-05	3.23261e-06	3.18418	-2.43078e-05	-2.10698e-05
130
0.422641	-2.6689e-05	-1.41313e-06	3.28794	-0.000265315	4.44409e-06
-1.97771	1.73326e-05	3.19042e-06	3.21135	-2.48033e-05	-2.11222e-05
131
0.429225	-2.72189e-05	-1.40416e-06	3.29546	-0.000264531	4.52512e-06
-1.97124	1.72822e-05	3.14809e-06	3.25384	-2.55868e-05	-2.12032e-05
132
0.435815	-2.7747e-05	-1.39502e-06	3.29465	-0.000263584	4.62094e-06
-1.96468	1.72301e-05	3.10559e-06	3.30465	-2.65338e-05	-2.1299e-05
133
0.442405	-2.82733e-05	-1.38568e-06	3.29584	-0.000262665	4.71192e-06
-1.95803	1.71761e-05	3.0629e-06	3.35346	-2.74531e-05	-2.139e-05
134
0.44901	-2.87979e-05	-1.37619e-06	3.30855	-0.000261955	4.78061e-06
-1.95128	1.71205e-05	3.02005e-06	3.39075	-2.81627e-05	-2.14587e-05
135
0.455656	-2.93214e-05	-1.36659e-06	3.33771	-0.000261555	4.81857e-06
-1.94448	1.70638e-05	2.9771e-06	3.41159	-2.85636e-05	-2.14967e-05
136
0.462375	-2.98444e-05	-1.35694e-06	3.38164	-0.000261437	4.82948e-06
-1.93765	1.70065e-05	2.93409e-06	3.41766	-2.86814e-05	-2.15076e-05
137
0.46919	-3.03673e-05	-1.34729e-06	3.43277	-0.000261459	4.82747e-06
-1.93082	1.69492e-05	2.89108e-06	3.41652	-2.86592e-05	-2.15056e-05
138
0.476103	-3.08901e-05	-1.33763e-06	3.48066	-0.000261417	4.83118e-06
-1.92398	1.68918e-05	2.84807e-06	3.41864	-2.8701e-05	-2.15093e-05
139
0.4831	-3.14127e-05	-1.32794e-06	3.51614	-0.000261127	4.85634e-06
-1.91713	1.68341e-05	2.80502e-06	3.43316	-2.89915e-05	-2.15344e-05
140
0.490151	-3.19343e-05	-1.31817e-06	3.53503	-0.000260498	4.90957e-06
-1.91023	1.67755e-05	2.7619e-06	3.46427	-2.96199e-05	-2.15877e-05
141
0.497226	-3.24544e-05	-1.30828e-06	3.53976	-0.000259575	4.98601e-06
-1.90326	1.67154e-05	2.71865e-06	3.50954	-3.05428e-05	-2.16641e-05
142
0.504304	-3.29725e-05	-1.29822e-06	3.53845	-0.000258519	5.07151e-06
-1.89619	1.66532e-05	2.67523e-06	3.56085	-3.15987e-05	-2.17496e-05
143
0.511384	-3.34885e-05	-1.288e-06	3.54162	-0.000257547	5.14851e-06
-1.88902	1.65891e-05	2.63166e-06	3.60768	-3.25713e-05	-2.18266e-05
144
0.518484	-3.40029e-05	-1.27765e-06	3.558	-0.000256842	5.20303e-06
-1.88177	1.65232e-05	2.58795e-06	3.6413	-3.32758e-05	-2.18811e-05
145
0.525633	-3.45163e-05	-1.26722e-06	3.59104	-0.000256484	5.23015e-06
-1.87447	1.64563e-05	2.54416e-06	3.65826	-3.36344e-05	-2.19082e-05
146
0.532862	-3.50292e-05	-1.25675e-06	3.63752	-0.000256409	5.2357e-06
-1.86715	1.6389e-05	2.50034e-06	3.66177	-3.37094e-05	-2.19138e-05
147
0.540188	-3.5542e-05	-1.24628e-06	3.68886	-0.000256437	5.23362e-06
-1.85983	1.63216e-05	2.45651e-06	3.66044	-3.36807e-05	-2.19117e-05
148
0.547611	-3.60548e-05	-1.23581e-06	3.73451	-0.000256343	5.24028e-06
-1.8525	1.62541e-05	2.41268e-06	3.66479	-3.37751e-05	-2.19184e-05
149
0.555112	-3.65671e-05	-1.2253e-06	3.76621	-0.000255943	5.26789e-06
-1.84515	1.61862e-05	2.36882e-06	3.68308	-3.41755e-05	-2.1946e-05
150
0.56266	-3.70782e-05	-1.21471e-06	3.78127	-0.000199908	-4.73134e-05
-1.83775	1.6117e-05	2.32487e-06	3.71766	0.000280984	7.89983e-05
151
0.570224	-3.74769e-05	-1.30927e-06	3.78366	-0.000198843	-4.72407e-05
-1.83027	1.66779e-05	2.4828e-06	3.76527	0.00027992	7.89255e-05
152
0.57779	-3.78734e-05	-1.40366e-06	3.78237	-0.000197676	-4.7157e-05
-1.82269	1.72366e-05	2.64057e-06	3.81656	0.000278753	7.88418e-05
153
0.585361	-3.82678e-05	-1.4979e-06	3.78792	-0.000196647	-4.70798e-05
-1.81501	1.77931e-05	2.79817e-06	3.86101	0.000277723	7.87646e-05
154
0.592957	-3.86604e-05	-1.592e-06	3.80809	-0.000195944	-4.70248e-05
-1.80726	1.83478e-05	2.95565e-06	3.89084	0.000277021	7.87097e-05
155
0.60061	-3.90519e-05	-1.68603e-06	3.84481	-0.000195626	-4.69989e-05
-1.79946	1.89016e-05	3.11304e-06	3.90412	0.000276703	7.86838e-05
156
0.608348	-3.94432e-05	-1.78002e-06	3.89339	-0.000195591	-4.6996e-05
-1.79165	1.94549e-05	3.2704e-06	3.90554	0.000276668	7.86809e-05
157
0.616186	-3.98344e-05	-1.87402e-06	3.9444	-0.000195616	-4.69982e-05
-1.78384	2.00083e-05	3.42777e-06	3.90453	0.000276693	7.86831e-05
158
0.624117	-4.02254e-05	-1.968e-06	3.98744	-0.000195441	-4.69825e-05
-1.77603	2.05615e-05	3.58512e-06	3.91149	0.000276518	7.86673e-05
159
0.63212	-4.06157e-05	-2.06191e-06	4.01528	-0.000194876	-4.693e-05
-1.76818	2.1114e-05	3.7424e-06	3.93364	0.000275953	7.86149e-05
160
0.640162	-4.10045e-05	-2.15568e-06	4.0268	-0.000193879	-4.6835e-05
-1.76028	2.16649e-05	3.89954e-06	3.97212	0.000274956	7.85198e-05
161
0.648216	-4.13909e-05	-2.24922e-06	4.02739	-0.000192579	-4.67078e-05
-1.75228	2.22135e-05	4.05645e-06	4.02154	0.000273656	7.83926e-05
162
0.656271	-4.17748e-05	-2.3425e-06	4.0268	-0.000191229	-4.65722e-05
-1.74419	2.27595e-05	4.2131e-06	4.07212	0.000272306	7.82571e-05
163
0.664333	-4.21561e-05	-2.43553e-06	4.03528	-0.000190105	-4.64567e-05
-1.736	2.33029e-05	4.3695e-06	4.11365	0.000271181	7.81415e-05
164
0.672427	-4.25356e-05	-2.52837e-06	4.05943	-0.000189395	-4.63821e-05
-1.72775	2.38446e-05	4.52571e-06	4.13949	0.000270471	7.80669e-05
165
0.680586	-4.29141e-05	-2.6211e-06	4.0996	-0.000189121	-4.63526e-05
-1.71946	2.43853e-05	4.68181e-06	4.14933	0.000270198	7.80375e-05
166
0.688836	-4.32923e-05	-2.71381e-06	4.14971	-0.000189124	-4.6353e-05
-1.71116	2.49257e-05	4.83789e-06	4.14922	0.000270201	7.80378e-05
167
0.697185	-4.36706e-05	-2.80651e-06	4.19972	-0.000189124	-4.6353e-05
-1.70287	2.54661e-05	4.99396e-06	4.14921	0.000270201	7.80379e-05
168
0.705625	-4.40486e-05	-2.89919e-06	4.23963	-0.000188832	-4.63197e-05
-1.69456	2.60062e-05	5.15e-06	4.1593	0.000269909	7.80046e-05
169
0.714128	-4.44254e-05	-2.99174e-06	4.26347	-0.000188063	-4.62306e-05
-1.68621	2.65452e-05	5.30592e-06	4.18545	0.00026914	7.79155e-05
170
0.722663	-4.48003e-05	-3.08405e-06	4.27171	-0.000186821	-4.60841e-05
-1.6778	2.70823e-05	5.46161e-06	4.22721	0.000267897	7.7769e-05
171
0.731206	-4.51724e-05	-3.17604e-06	4.27105	-0.000185294	-4.59012e-05
-1.66929	2.76165e-05	5.61696e-06	4.27787	0.000266371	7.7586e-05
172
0.739748	-4.55415e-05	-3.26766e-06	4.27176	-0.00018379	-4.5718e-05
-1.66069	2.81478e-05	5.77195e-06	4.32717	0.000264867	7.74029e-05
173
0.748304	-4.59079e-05	-3.35895e-06	4.28354	-0.00018261	-4.55722e-05
-1.652	2.86763e-05	5.92661e-06	4.36538	0.000263686	7.7257e-05
174
0.756899	-4.62725e-05	-3.45e-06	4.3117	-0.000181927	-4.54866e-05
-1.64324	2.9203e-05	6.08104e-06	4.38723	0.000263004	7.71714e-05
175
0.765566	-4.66361e-05	-3.54095e-06	4.35496	-0.000181714	-4.54594e-05
-1.63446	2.97288e-05	6.23536e-06	4.39397	0.00026279	7.71443e-05
176
0.774327	-4.69996e-05	-3.63187e-06	4.40602	-0.000181748	-4.54638e-05
-1.62568	3.02544e-05	6.38965e-06	4.3929	0.000262824	7.71487e-05
177
0.783187	-4.7363e-05	-3.72279e-06	4.45446	-0.000181697	-4.54572e-05
-1.61689	3.078e-05	6.54394e-06	4.39446	0.000262774	7.71421e-05
178
0.792132	-4.7726e-05	-3.81365e-06	4.4909	-0.000181253	-4.53985e-05
-1.60809	3.13051e-05	6.69817e-06	4.40802	0.00026233	7.70834e-05
179
0.801134	-4.80875e-05	-3.90431e-06	4.51077	-0.000180256	-4.5265e-05
-1.59924	3.18288e-05	6.8522e-06	4.43816	0.000261332	7.69499e-05
180
0.810161	-4.84465e-05	-3.99464e-06	4.51592	-9.62242e-05	-0.000311889
-1.59032	3.23499e-05	7.0059e-06	4.4824	0.000445838	-0.000363199
181
0.819192	-4.86372e-05	-4.61819e-06	4.51458	-9.44846e-05	-0.000311655
-1.5813	3.32399e-05	6.27926e-06	4.53374	0.000444099	-0.000363433
182
0.828223	-4.88245e-05	-5.24128e-06	4.51708	-9.28536e-05	-0.00031144
-1.57219	3.41265e-05	5.55218e-06	4.58125	0.000442468	-0.000363648
183
0.837273	-4.9009e-05	-5.86401e-06	4.5324	-9.16476e-05	-0.000311285
-1.56299	3.50102e-05	4.82473e-06	4.61592	0.000441262	-0.000363803
184
0.84637	-4.91917e-05	-6.4865e-06	4.56443	-9.10145e-05	-0.000311206
-1.55374	3.58921e-05	4.09704e-06	4.63389	0.000440629	-0.000363883
185
0.855544	-4.93736e-05	-7.10889e-06	4.61035	-9.0869e-05	-0.000311188
-1.54447	3.67732e-05	3.36926e-06	4.63797	0.000440483	-0.000363901
186
0.864816	-4.95554e-05	-7.73127e-06	4.6618	-9.09212e-05	-0.000311194
-1.53519	3.76542e-05	2.64147e-06	4.63652	0.000440535	-0.000363895
187
0.874186	-4.97371e-05	-8.35365e-06	4.70819	-9.07892e-05	-0.000311178
-1.52592	3.85351e-05	1.91366e-06	4.64014	0.000440403	-0.00036391
188
0.883636	-4.9918e-05	-8.97593e-06	4.74097	-9.0152e-05	-0.000311105
-1.51662	3.94153e-05	1.18577e-06	4.65736	0.000439766	-0.000363983
189
0.893134	-5.00971e-05	-9.598e-06	4.75702	-8.88813e-05	-0.000310962
-1.50727	4.02936e-05	4.57658e-07	4.6913	0.000438495	-0.000364126
190
0.902651	-5.0273e-05	-1.02197e-05	4.75994	-8.70978e-05	-0.000310766
-1.49784	4.11688e-05	-2.70791e-07	4.73839	0.000436712	-0.000364322
191
0.912169	-5.04453e-05	-1.0841e-05	4.75854	-8.51287e-05	-0.000310554
-1.48831	4.20402e-05	-9.99648e-07	4.78979	0.000434743	-0.000364534
192
0.921691	-5.06138e-05	-1.1462e-05	4.76339	-8.33795e-05	-0.00031037
-1.47869	4.2908e-05	-1.7289e-06	4.83493	0.000432994	-0.000364718
193
0.931237	-5.07793e-05	-1.20826e-05	4.78255	-8.21713e-05	-0.000310246
-1.46899	4.37728e-05	-2.45846e-06	4.86577	0.000431785	-0.000364843
194
0.940838	-5.09431e-05	-1.2703e-05	4.81836	-8.1609e-05	-0.000310189
-1.45924	4.46358e-05	-3.1882e-06	4.87997	0.000431223	-0.000364899
195
0.950523	-5.11062e-05	-1.33234e-05	4.86648	-8.15341e-05	-0.000310182
-1.44948	4.54981e-05	-3.91801e-06	4.88184	0.000431148	-0.000364907
196
0.960307	-5.12694e-05	-1.39438e-05	4.91768	-8.15826e-05	-0.000310186
-1.43972	4.63605e-05	-4.64782e-06	4.88064	0.000431197	-0.000364902
197
0.970186	-5.14323e-05	-1.45641e-05	4.96147	-8.13287e-05	-0.000310163
-1.42995	4.72226e-05	-5.37765e-06	4.88685	0.000430943	-0.000364926
198
0.980138	-5.15941e-05	-1.51844e-05	4.99034	-8.04555e-05	-0.000310082
-1.42016	4.80836e-05	-6.10758e-06	4.90798	0.00043007	-0.000365006
199
0.990131	-5.17534e-05	-1.58044e-05	5.00273	-7.88859e-05	-0.000309941
-1.4103	4.89422e-05	-6.83773e-06	4.94559	0.0004285	-0.000365148
200
1.00014	-5.19091e-05	-1.64241e-05	5.0037	-7.68187e-05	-0.000309759
-1.40036	4.97971e-05	-7.56821e-06	4.99462	0.000426433	-0.00036533
201
1.01014	-5.20606e-05	-1.70434e-05	5.00285	-7.46536e-05	-0.000309572
-1.39032	5.06478e-05	-8.29906e-06	5.04547	0.000424268	-0.000365516
202
1.02016	-5.22081e-05	-1.76624e-05	5.01053	-7.28338e-05	-0.000309419
-1.38019	5.14945e-05	-9.03024e-06	5.0878	0.000422448	-0.000365669
203
1.0302	-5.23526e-05	-1.82811e-05	5.03366	-7.16674e-05	-0.000309323
-1.36999	5.23383e-05	-9.76168e-06	5.11467	0.000421282	-0.000365765
204
1.04031	-5.24954e-05	-1.88997e-05	5.07299	-7.11998e-05	-0.000309285
-1.35975	5.31804e-05	-1.04932e-05	5.12534	0.000420814	-0.000365803
205
1.0505	-5.26378e-05	-1.95183e-05	5.12279	-7.1191e-05	-0.000309285
-1.3495	5.4022e-05	-1.12249e-05	5.12553	0.000420805	-0.000365804
206
1.0608	-5.27802e-05	-2.01369e-05	5.17314	-7.12067e-05	-0.000309286
-1.33924	5.48636e-05	-1.19565e-05	5.12518	0.000420821	-0.000365803
207
1.07119	-5.29222e-05	-2.07554e-05	5.2139	-7.07904e-05	-0.000309255
-1.32899	5.57048e-05	-1.26881e-05	5.13442	0.000420405	-0.000365834
208
1.08164	-5.30627e-05	-2.13739e-05	5.23876	-6.96477e-05	-0.000309171
-1.31869	5.65445e-05	-1.34198e-05	5.15956	0.000419262	-0.000365918
209
1.09213	-5.32001e-05	-2.19921e-05	5.24779	-6.77683e-05	-0.000309036
-1.30833	5.73812e-05	-1.41518e-05	5.20054	0.000417382	-0.000366052
210
1.10262	-5.33333e-05	-2.261e-05	5.2474	-9.53434e-05	-0.000243371
-1.29788	5.82136e-05	-1.48841e-05	5.25074	0.000525827	-0.000518528
211
1.11312	-5.35216e-05	-2.30966e-05	5.24767	-9.30195e-05	-0.000243217
-1.28733	5.92629e-05	-1.59213e-05	5.30047	0.000523503	-0.000518682
212
1.12362	-5.37058e-05	-2.35829e-05	5.2585	-9.11689e-05	-0.000243104
-1.27669	6.03081e-05	-1.69588e-05	5.33964	0.000521652	-0.000518795
213
1.13417	-5.38871e-05	-2.4069e-05	5.28555	-9.00732e-05	-0.000243044
-1.26599	6.13503e-05	-1.79964e-05	5.36259	0.000520557	-0.000518855
214
1.14478	-5.40669e-05	-2.45551e-05	5.32802	-8.97094e-05	-0.000243025
-1.25525	6.2391e-05	-1.90342e-05	5.37012	0.000520193	-0.000518874
215
1.15549	-5.42463e-05	-2.50411e-05	5.3789	-8.97526e-05	-0.000243027
-1.24451	6.34315e-05	-2.00719e-05	5.36924	0.000520236	-0.000518872
216
1.16629	-5.44258e-05	-2.55272e-05	5.42785	-8.97009e-05	-0.000243025
-1.23377	6.44719e-05	-2.11096e-05	5.37029	0.000520184	-0.000518874
217
1.17719	-5.46045e-05	-2.60132e-05	5.46529	-8.90755e-05	-0.000243004
-1.22302	6.55116e-05	-2.21474e-05	5.38285	0.000519559	-0.000518895
218
1.18814	-5.47812e-05	-2.64992e-05	5.48624	-8.76144e-05	-0.00024296
-1.21223	6.65493e-05	-2.31852e-05	5.4119	0.000518098	-0.000518939
219
1.19912	-5.49542e-05	-2.69851e-05	5.49232	-8.53834e-05	-0.000242905
-1.20136	6.75832e-05	-2.42232e-05	5.45582	0.000515867	-0.000518994
220
1.2101	-5.51224e-05	-2.74708e-05	5.4911	-8.27559e-05	-0.000242852
-1.1904	6.86123e-05	-2.52612e-05	5.50704	0.000513239	-0.000519047
221
1.22108	-5.52854e-05	-2.79565e-05	5.49307	-8.02681e-05	-0.000242813
-1.17933	6.96363e-05	-2.62994e-05	5.55507	0.000510751	-0.000519086
222
1.23208	-5.54441e-05	-2.84421e-05	5.50744	-7.84049e-05	-0.000242792
-1.16819	7.0656e-05	-2.73375e-05	5.5907	0.000508888	-0.000519107
223
1.24313	-5.55999e-05	-2.89277e-05	5.53846	-7.74031e-05	-0.000242786
-1.15699	7.16728e-05	-2.83758e-05	5.60968	0.000507886	-0.000519113
224
1.25425	-5.57544e-05	-2.94132e-05	5.58372	-7.71509e-05	-0.000242785
-1.14576	7.26883e-05	-2.9414e-05	5.61442	0.000507634	-0.000519114
225
1.26547	-5.59088e-05	-2.98988e-05	5.63513	-7.72264e-05	-0.000242785
-1.13454	7.37036e-05	-3.04522e-05	5.61301	0.00050771	-0.000519114
226
1.27679	-5.60631e-05	-3.03844e-05	5.68211	-7.70627e-05	-0.000242786
-1.12331	7.47189e-05	-3.14904e-05	5.61603	0.000507546	-0.000519113
227
1.28819	-5.62163e-05	-3.087e-05	5.71587	-7.61742e-05	-0.000242796
-1.11206	7.57331e-05	-3.25287e-05	5.63226	0.000506658	-0.000519103
228
1.29964	-5.63669e-05	-3.13556e-05	5.73292	-7.43545e-05	-0.000242822
-1.10076	7.67446e-05	-3.35668e-05	5.66522	0.000504838	-0.000519077
229
1.31111	-5.6513e-05	-3.18413e-05	5.73642	-7.1765e-05	-0.00024287
-1.08938	7.77517e-05	-3.46049e-05	5.71171	0.000502248	-0.000519029
230
1.32258	-5.66536e-05	-3.23271e-05	5.73499	-6.88758e-05	-0.000242935
-1.07791	7.87533e-05	-3.56429e-05	5.76315	0.000499359	-0.000518964
231
1.33405	-5.67888e-05	-3.2813e-05	5.73918	-6.62812e-05	-0.000243004
-1.06634	7.97494e-05	-3.66808e-05	5.80896	0.000496765	-0.000518895
232
1.34555	-5.69195e-05	-3.32991e-05	5.75733	-6.4462e-05	-0.000243059
-1.05469	8.07411e-05	-3.77185e-05	5.8408	0.000494945	-0.00051884
233
1.3571	-5.70476e-05	-3.37852e-05	5.79218	-6.35893e-05	-0.000243089
-1.04299	8.17301e-05	-3.87562e-05	5.85596	0.000494073	-0.00051881
234
1.36873	-5.71746e-05	-3.42714e-05	5.83978	-6.34501e-05	-0.000243094
-1.03128	8.27181e-05	-3.97938e-05	5.85836	0.000493933	-0.000518805
235
1.38046	-5.73016e-05	-3.47576e-05	5.8911	-6.35272e-05	-0.000243091
-1.01956	8.37061e-05	-4.08314e-05	5.85704	0.000494011	-0.000518808
236
1.39229	-5.74283e-05	-3.52438e-05	5.9356	-6.32031e-05	-0.000243105
-1.00784	8.46938e-05	-4.1869e-05	5.86253	0.000493686	-0.000518794
237
1.40419	-5.75535e-05	-3.57301e-05	5.9655	-6.20078e-05	-0.000243163
-0.996096	8.56799e-05	-4.29065e-05	5.88264	0.000492491	-0.000518736
238
1.41613	-5.76754e-05	-3.62165e-05	5.97882	-5.98107e-05	-0.000243277
-0.984295	8.66627e-05	-4.39439e-05	5.91932	0.000490294	-0.000518622
239
1.42809	-5.7792e-05	-3.67032e-05	5.98024	-5.68786e-05	-0.000243439
-0.972407	8.76404e-05	-4.4981e-05	5.9679	0.000487362	-0.00051846
240
1.44005	-5.79027e-05	-3.71903e-05	5.9782	-0.000877804	-0.000858277
-0.96042	8.8612e-05	-4.60177e-05	6.01862	0.000766776	0.000225923
241
1.45201	-5.96556e-05	-3.8907e-05	5.98517	-0.000875149	-0.000858416
-0.94834	9.01429e-05	-4.55657e-05	6.06165	0.00076412	0.000226062
242
1.46401	-6.14042e-05	-4.06239e-05	6.00744	-0.000873399	-0.00085848
-0.936189	9.16694e-05	-4.51136e-05	6.08938	0.00076237	0.000226127
243
1.47606	-6.31503e-05	-4.23408e-05	6.04609	-0.000872668	-0.000858497
-0.923999	9.31934e-05	-4.46613e-05	6.10072	0.000761639	0.000226143
244
1.4882	-6.48956e-05	-4.40578e-05	6.09568	-0.00087264	-0.000858497
-0.911797	9.47167e-05	-4.4209e-05	6.10114	0.000761612	0.000226143
245
1.50044	-6.66409e-05	-4.57748e-05	6.14635	-0.000872686	-0.000858497
-0.899596	9.62399e-05	-4.37567e-05	6.10047	0.000761657	0.000226143
246
1.51278	-6.83857e-05	-4.74918e-05	6.18785	-0.000872103	-0.000858486
-0.887386	9.77627e-05	-4.33044e-05	6.10897	0.000761074	0.000226132
247
1.52518	-7.01282e-05	-4.92087e-05	6.21357	-0.000870406	-0.000858433
-0.875144	9.92831e-05	-4.28522e-05	6.13324	0.000759377	0.000226079
248
1.53762	-7.18661e-05	-5.09255e-05	6.22323	-0.000867531	-0.000858308
-0.862837	0.000100799	-4.24002e-05	6.17359	0.000756503	0.000225954
249
1.55006	-7.35975e-05	-5.26419e-05	6.22296	-0.000863881	-0.000858106
-0.85044	0.000102308	-4.19485e-05	6.22386	0.000752853	0.000225753
250
1.56251	-7.53216e-05	-5.43578e-05	6.22287	-0.000860177	-0.000857861
-0.837942	0.00010381	-4.14972e-05	6.27395	0.000749148	0.000225507
251
1.57496	-7.7039e-05	-5.60733e-05	6.23299	-0.000857174	-0.000857629
-0.825354	0.000105306	-4.10464e-05	6.31383	0.000746146	0.000225275
252
1.58746	-7.87515e-05	-5.77884e-05	6.25928	-0.000855358	-0.00085747
-0.812703	0.000106796	-4.05961e-05	6.33753	0.000744329	0.000225116
253
1.60002	-8.04616e-05	-5.95033e-05	6.30123	-0.000854729	-0.000857409
-0.80002	0.000108284	-4.01459e-05	6.34559	0.000743701	0.000225055
254
1.61267	-8.21711e-05	-6.12181e-05	6.35204	-0.000854794	-0.000857416
-0.787329	0.000109772	-3.96958e-05	6.34478	0.000743765	0.000225062
255
1.62542	-8.38806e-05	-6.2933e-05	6.4014	-0.000854742	-0.00085741
-0.774639	0.000111259	-3.92456e-05	6.34541	0.000743714	0.000225056
256
1.63826	-8.55891e-05	-6.46477e-05	6.43957	-0.000853772	-0.000857287
-0.761936	0.000112746	-3.87957e-05	6.35725	0.000742744	0.000224933
257
1.65117	-8.72943e-05	-6.63619e-05	6.46127	-0.000851415	-0.00085697
-0.749194	0.000114229	-3.83461e-05	6.38555	0.000740386	0.000224616
258
1.66409	-8.89935e-05	-6.80753e-05	6.46782	-0.000847739	-0.000856443
-0.736379	0.000115706	-3.78974e-05	6.42899	0.00073671	0.000224089
259
1.67703	-9.06846e-05	-6.97876e-05	6.46661	-0.000843338	-0.000855776
-0.72347	0.000117175	-3.74499e-05	6.4802	0.00073231	0.000223422
260
1.68996	-9.2367e-05	-7.14984e-05	6.46812	-0.000839108	-0.000855101
-0.710461	0.000118635	-3.70037e-05	6.52869	0.000728079	0.000222747
261
1.70291	-9.4042e-05	-7.32081e-05	6.48174	-0.000835886	-0.000854562
-0.697367	0.000120088	-3.65588e-05	6.56507	0.000724858	0.000222208
262
1.71591	-9.5712e-05	-7.49169e-05	6.51203	-0.000834115	-0.000854252
-0.684217	0.000121536	-3.61147e-05	6.58478	0.000723086	0.000221898
263
1.72898	-9.73798e-05	-7.66253e-05	6.55687	-0.000833644	-0.000854167
-0.671043	0.000122982	-3.56709e-05	6.58995	0.000722616	0.000221813
264
1.74214	-9.90472e-05	-7.83337e-05	6.60832	-0.000833779	-0.000854192
-0.657864	0.000124427	-3.52273e-05	6.58849	0.00072275	0.000221838
265
1.75541	-0.000100715	-8.0042e-05	6.65581	-0.000833543	-0.000854146
-0.644685	0.000125872	-3.47837e-05	6.59101	0.000722514	0.000221792
266
1.76875	-0.00010238	-8.175e-05	6.69034	-0.000832072	-0.000853847
-0.631487	0.000127316	-3.43404e-05	6.60648	0.000721043	0.000221493
267
1.78215	-0.000104041	-8.34571e-05	6.70809	-0.000828965	-0.000853196
-0.618242	0.000128755	-3.3898e-05	6.63873	0.000717937	0.000220842
268
1.79557	-0.000105695	-8.51625e-05	6.71197	-0.000824463	-0.000852223
-0.604918	0.000130186	-3.34573e-05	6.68484	0.000713435	0.000219869
269
1.80899	-0.000107338	-8.68658e-05	6.71043	-0.000819365	-0.00085109
-0.591497	0.000131608	-3.30187e-05	6.73639	0.000708337	0.000218736
270
1.82242	-0.000108973	-8.85669e-05	6.71381	-0.000805406	-0.000161893
-0.577978	0.00013302	-3.25823e-05	6.78255	0.00105392	0.00028462
271
1.83586	-0.00011058	-8.88899e-05	6.73119	-0.000802093	-0.000161126
-0.56438	0.000135125	-3.20138e-05	6.81516	0.00105061	0.000283853
272
1.84936	-0.000112183	-8.92118e-05	6.76538	-0.000800462	-0.000160748
-0.550734	0.000137224	-3.14465e-05	6.83098	0.00104897	0.000283476
273
1.86294	-0.000113783	-8.95332e-05	6.81268	-0.00080018	-0.000160683
-0.537069	0.000139322	-3.08796e-05	6.83368	0.00104869	0.00028341
274
1.87661	-0.000115384	-8.98546e-05	6.86418	-0.000800339	-0.00016072
-0.523404	0.000141419	-3.03128e-05	6.83218	0.00104885	0.000283447
275
1.89039	-0.000116984	-9.0176e-05	6.90928	-0.000799811	-0.000160597
-0.509734	0.000143517	-2.9746e-05	6.83707	0.00104832	0.000283325
276
1.90424	-0.000118581	-9.04967e-05	6.93994	-0.000797697	-0.000160107
-0.496041	0.000145611	-2.91798e-05	6.85641	0.00104621	0.000282834
277
1.91813	-0.000120173	-9.08159e-05	6.9539	-0.000793702	-0.000159179
-0.482292	0.0001477	-2.86151e-05	6.89246	0.00104222	0.000281907
278
1.93204	-0.000121755	-9.1133e-05	6.95556	-0.000788272	-0.000157918
-0.468459	0.000149779	-2.80526e-05	6.9408	0.00103678	0.000280646
279
1.94595	-0.000123325	-9.14475e-05	6.95428	-0.000782431	-0.000156561
-0.454526	0.000151846	-2.74926e-05	6.99208	0.00103094	0.000279288
280
1.95986	-0.000124885	-9.17595e-05	6.96055	-0.000777386	-0.000155388
-0.440498	0.000153903	-2.69352e-05	7.03581	0.0010259	0.000278115
281
1.97381	-0.000126437	-9.20695e-05	6.98188	-0.000774034	-0.000154608
-0.426398	0.000155952	-2.63798e-05	7.06448	0.00102255	0.000277336
282
1.98781	-0.000127983	-9.23783e-05	7.01972	-0.000772595	-0.000154274
-0.412257	0.000157995	-2.58254e-05	7.07664	0.00102111	0.000277001
283
2.0019	-0.000129528	-9.26869e-05	7.06895	-0.000772502	-0.000154252
-0.398103	0.000160037	-2.52714e-05	7.07741	0.00102102	0.00027698
284
2.01609	-0.000131074	-9.29954e-05	7.11987	-0.000772614	-0.000154278
-0.383949	0.000162079	-2.47175e-05	7.07649	0.00102113	0.000277006
285
2.03037	-0.000132618	-9.33037e-05	7.16212	-0.000771661	-0.000154056
-0.369788	0.000164121	-2.41637e-05	7.08424	0.00102017	0.000276784
286
2.04472	-0.000134158	-9.36112e-05	7.18878	-0.000768759	-0.00015338
-0.355596	0.000166158	-2.36108e-05	7.10757	0.00101727	0.000276107
287
2.05911	-0.000135691	-9.39168e-05	7.19921	-0.000763778	-0.000152219
-0.341341	0.000168188	-2.30597e-05	7.14715	0.00101229	0.000274946
288
2.0735	-0.000137212	-9.42197e-05	7.19922	-0.000757414	-0.000150734
-0.326997	0.000170206	-2.25113e-05	7.19713	0.00100593	0.000273462
289
2.0879	-0.00013872	-9.45197e-05	7.19882	-0.000750922	-0.00014922
-0.312552	0.000172211	-2.19659e-05	7.24754	0.000999435	0.000271947
290
2.10231	-0.000140217	-9.48169e-05	7.20816	-0.000745625	-0.000147984
-0.298017	0.000174205	-2.14232e-05	7.2882	0.000994138	0.000270711
291
2.11675	-0.000141705	-9.51121e-05	7.23351	-0.000742378	-0.000147225
-0.283416	0.00017619	-2.08826e-05	7.31285	0.000990891	0.000269953
292
2.13126	-0.000143188	-9.54063e-05	7.27472	-0.000741208	-0.000146952
-0.268781	0.000178171	-2.0343e-05	7.32164	0.000989721	0.00026968
293
2.14586	-0.000144671	-9.57002e-05	7.32532	-0.000741289	-0.000146971
-0.254138	0.00018015	-1.98036e-05	7.32104	0.000989802	0.000269699
294
2.16056	-0.000146153	-9.59941e-05	7.37506	-0.000741254	-0.000146963
-0.239496	0.00018213	-1.92642e-05	7.3213	0.000989767	0.00026969
295
2.17535	-0.000147634	-9.62877e-05	7.41405	-0.000739739	-0.000146609
-0.224843	0.000184108	-1.87252e-05	7.33231	0.000988253	0.000269336
296
2.1902	-0.00014911	-9.658e-05	7.43669	-0.000735938	-0.00014572
-0.210151	0.00018608	-1.81874e-05	7.35967	0.000984451	0.000268448
297
2.20508	-0.000150576	-9.68701e-05	7.44393	-0.000729936	-0.000144316
-0.195388	0.000188043	-1.76519e-05	7.40243	0.000978449	0.000267044
298
2.21997	-0.000152029	-9.7157e-05	7.44286	-0.000722696	-0.000142622
-0.180533	0.000189993	-1.71195e-05	7.4535	0.000971209	0.00026535
299
