1	0.000050	0.050000
2	0.000190	0.090000
3	0.000394	0.114000
4	0.000630	0.122400
5	0.000875	0.121840
6	0.001119	0.122544
7	0.001376	0.134230
8	0.001672	0.162225
9	0.002040	0.205329
10	0.002501	0.256302
11	0.003062	0.304754
12	0.003709	0.341304
13	0.004411	0.361333
14	0.005139	0.366829
15	0.005872	0.365593
16	0.006605	0.368120
17	0.007357	0.383399
18	0.008156	0.415318
19	0.009032	0.461111
20	0.010006	0.512459
21	0.011077	0.558823
22	0.012227	0.591658
23	0.013427	0.607830
24	0.014646	0.610870
25	0.015866	0.609562
26	0.017090	0.614429
27	0.018338	0.633524
28	0.019641	0.669210
29	0.021027	0.717212
30	0.022513	0.768271
31	0.024093	0.812060
32	0.025746	0.841007
33	0.027441	0.853533
34	0.029149	0.854629
35	0.030857	0.853856
36	0.032573	0.861523
37	0.034319	0.884563
38	0.036127	0.923760
39	0.038024	0.973436
40	0.040021	1.023720
41	0.042110	1.064498
42	0.044264	1.089460
43	0.046452	1.098620
44	0.048649	1.098315
45	0.050846	1.098666
46	0.053054	1.109533
47	0.055300	1.136570
48	0.057615	1.178961
49	0.060024	1.229750
50	0.062533	1.278622
51	0.065127	1.316027
52	0.067780	1.337004
53	0.070460	1.343162
54	0.073146	1.342037
55	0.075832	1.344081
56	0.078534	1.358474
57	0.081282	1.389460
58	0.084106	1.434645
59	0.087027	1.485954
60	0.090046	1.532843
61	0.093145	1.566578
62	0.096295	1.583634
63	0.099466	1.587188
64	0.102639	1.585818
65	0.105815	1.590072
66	0.109013	1.608249
67	0.112265	1.643078
68	0.115598	1.690627
69	0.119031	1.741877
70	0.122559	1.786327
71	0.126162	1.816198
72	0.129807	1.829542
73	0.133468	1.831020
74	0.137129	1.830041
75	0.140796	1.836998
76	0.144492	1.859107
77	0.148249	1.897525
78	0.152093	1.946884
79	0.156038	1.997441
80	0.160074	2.038973
81	0.164178	2.064868
82	0.168317	2.074767
83	0.172467	2.074710
84	0.176616	2.074721
85	0.180776	2.084795
86	0.184972	2.110903
87	0.189235	2.152601
88	0.193591	2.203210
89	0.198047	2.252486
90	0.202590	2.290616
91	0.207193	2.312505
92	0.211825	2.319288
93	0.216462	2.318251
94	0.221100	2.319808
95	0.225753	2.333337
96	0.230450	2.363426
97	0.235222	2.408040
98	0.240089	2.459333
99	0.245055	2.506788
100	0.250103	2.541422
101	0.255204	2.559383
102	0.260327	2.563486
103	0.265453	2.562089
104	0.270580	2.565752
105	0.275729	2.583009
106	0.280929	2.616958
107	0.286210	2.664018
108	0.291590	2.715367
109	0.297065	2.760463
110	0.302617	2.791270
111	0.308214	2.805463
112	0.313827	2.807367
113	0.319440	2.806218
114	0.325059	2.812478
115	0.330705	2.833641
116	0.336410	2.871243
117	0.342201	2.920243
118	0.348093	2.971041
119	0.354077	3.013317
120	0.360131	3.039981
121	0.366221	3.050675
122	0.372323	3.050958
123	0.378425	3.050717
124	0.384535	3.060049
125	0.390681	3.085221
126	0.396892	3.126164
127	0.403195	3.176501
128	0.409597	3.226097
129	0.416088	3.265113
130	0.422641	3.287944
131	0.429225	3.295457
132	0.435815	3.294646
133	0.442405	3.295837
134	0.449010	3.308552
135	0.455656	3.337706
136	0.462375	3.381637
137	0.469190	3.432773
138	0.476103	3.480659
139	0.483100	3.516141
140	0.490151	3.535026
141	0.497226	3.539760
142	0.504304	3.538450
143	0.511384	3.541619
144	0.518484	3.558000
145	0.525633	3.591040
146	0.532862	3.637524
147	0.540188	3.688858
148	0.547611	3.734508
149	0.555112	3.766214
150	0.562660	3.781266
151	0.570224	3.783656
152	0.577790	3.782370
153	0.585361	3.787921
154	0.592957	3.808089
155	0.600610	3.844807
156	0.608348	3.893387
157	0.616186	3.944399
158	0.624117	3.987436
159	0.632120	4.015284
160	0.640162	4.026804
161	0.648216	4.027388
162	0.656271	4.026802
163	0.664333	4.035281
164	0.672427	4.059433
165	0.680586	4.099597
166	0.688836	4.149708
167	0.697185	4.199721
168	0.705625	4.239631
169	0.714128	4.263474
170	0.722663	4.271713
171	0.731206	4.271052
172	0.739748	4.271756
173	0.748304	4.283542
174	0.756899	4.311697
175	0.765566	4.354959
176	0.774327	4.406022
177	0.783187	4.454462
178	0.792132	4.490902
179	0.801134	4.510767
180	0.810161	4.515922
181	0.819192	4.514584
182	0.828223	4.517077
183	0.837273	4.532404
184	0.846370	4.564434
185	0.855544	4.610355
186	0.864816	4.661799
187	0.874186	4.708188
188	0.883636	4.740967
189	0.893134	4.757023
190	0.902651	4.759935
191	0.912169	4.758538
192	0.921691	4.763390
193	0.931237	4.782551
194	0.940838	4.818356
195	0.950523	4.866483
196	0.960307	4.917682
197	0.970186	4.961473
198	0.980138	4.990339
199	0.990131	5.002734
200	1.000137	5.003700
201	1.010144	5.002851
202	1.020157	5.010526
203	1.030201	5.033655
204	1.040308	5.072987
205	1.050504	5.122789
206	1.060800	5.173139
207	1.071187	5.213899
208	1.081639	5.238764
209	1.092126	5.247788
210	1.102621	5.247401
211	1.113116	5.247668
212	1.123622	5.258495
213	1.134166	5.285552
214	1.144780	5.328016
215	1.155487	5.378900
216	1.166294	5.427852
217	1.177187	5.465291
218	1.188138	5.486241
219	1.199117	5.492322
220	1.210100	5.491101
221	1.221084	5.493068
222	1.232085	5.507435
223	1.243131	5.538455
224	1.254253	5.583721
225	1.265472	5.635126
226	1.276789	5.682108
227	1.288187	5.715874
228	1.299636	5.732918
229	1.311105	5.736422
230	1.322577	5.734985
231	1.334051	5.739182
232	1.345547	5.757333
233	1.357097	5.792178
234	1.368729	5.839780
235	1.380460	5.891097
236	1.392286	5.935603
237	1.404187	5.965495
238	1.416132	5.978817
239	1.428091	5.980239
240	1.440050	5.978197
241	1.452014	5.985168
242	1.464006	6.007436
243	1.476060	6.046093
244	1.488202	6.095676
245	1.500444	6.146352
246	1.512778	6.187850
247	1.525179	6.213572
248	1.537616	6.223229
249	1.550062	6.222957
250	1.562508	6.222866
251	1.574964	6.232992
252	1.587456	6.259284
253	1.600017	6.301226
254	1.612670	6.352041
255	1.625423	6.401403
256	1.638264	6.439567
257	1.651165	6.461267
258	1.664094	6.467824
259	1.677029	6.466615
260	1.689963	6.468122
261	1.702913	6.481745
262	1.715907	6.512032
263	1.728976	6.556871
264	1.742141	6.608324
265	1.755405	6.655811
266	1.768751	6.690337
267	1.782150	6.708092
268	1.795570	6.711973
269	1.808992	6.710429
270	1.822417	6.713806
271	1.835862	6.731195
272	1.849358	6.765377
273	1.862936	6.812680
274	1.876613	6.864183
275	1.890387	6.909285
276	1.904236	6.939944
277	1.918130	6.953897
278	1.932039	6.955563
279	1.945949	6.954276
280	1.959864	6.960550
281	1.973806	6.981876
282	1.987808	7.019723
283	2.001897	7.068953
284	2.016086	7.119873
285	2.030368	7.162116
286	2.044718	7.188784
287	2.059106	7.199211
288	2.073505	7.199224
289	2.087903	7.198820
290	2.102310	7.208159
291	2.116752	7.233507
292	2.131260	7.274723
293	2.145860	7.325322
294	2.160560	7.375064
295	2.175349	7.414052
296	2.190200	7.436691
297	2.205081	7.443925
298	2.219967	7.442861
299	2.234854	7.443925
