1	-3	0.00075258
2	-3	0.00129437
3	-3	0.00161698
4	-3	0.00171192
5	-3	0.0015794
6	-3	0.00122183
7	-2.99999	0.000622737
8	-2.99999	-0.000191231
9	-2.99999	-0.00122275
10	-2.99999	-0.00246308
11	-2.99999	-0.00390338
12	-2.99998	-0.00554852
13	-2.99998	-0.00739303
14	-2.99998	-0.00942907
15	-2.99997	-0.0116318
16	-2.99997	-0.0139909
17	-2.99997	-0.0165262
18	-2.99996	-0.0192403
19	-2.99996	-0.0221401
20	-2.99995	-0.025225
21	-2.99995	-0.0284859
22	-2.99994	-0.0319001
23	-2.99994	-0.0354725
24	-2.99993	-0.0392154
25	-2.99992	-0.0431357
26	-2.99992	-0.0472357
27	-2.99991	-0.0515179
28	-2.9999	-0.0559954
29	-2.99989	-0.0606824
30	-2.99989	-0.0655687
31	-2.99988	-0.0706507
32	-2.99987	-0.075919
33	-2.99986	-0.0813892
34	-2.99985	-0.0870617
35	-2.99984	-0.09295
36	-2.99982	-0.0990637
37	-2.99981	-0.105384
38	-2.9998	-0.111911
39	-2.99979	-0.11865
40	-2.99978	-0.1256
41	-2.99976	-0.132764
42	-2.99975	-0.140134
43	-2.99974	-0.147706
44	-2.99972	-0.155467
45	-2.99971	-0.16341
46	-2.99969	-0.171538
47	-2.99967	-0.179859
48	-2.99966	-0.188376
49	-2.99964	-0.197098
50	-2.99962	-0.20602
51	-2.99961	-0.215127
52	-2.99959	-0.224409
53	-2.99957	-0.23386
54	-2.99955	-0.243478
55	-2.99953	-0.253263
56	-2.99951	-0.263216
57	-2.99949	-0.273323
58	-2.99947	-0.283585
59	-2.99945	-0.293995
60	-2.99942	-0.304556
61	-2.9994	-0.315284
62	-2.99938	-0.326201
63	-2.99935	-0.337295
64	-2.99933	-0.348573
65	-2.9993	-0.360036
66	-2.99928	-0.371661
67	-2.99925	-0.383453
68	-2.99922	-0.395421
69	-2.9992	-0.407584
70	-2.99917	-0.419938
71	-2.99914	-0.432491
72	-2.99911	-0.44523
73	-2.99908	-0.458138
74	-2.99905	-0.471219
75	-2.99902	-0.484478
76	-2.99899	-0.49793
77	-2.99895	-0.511565
78	-2.99892	-0.52536
79	-2.99889	-0.539308
80	-2.99885	-0.553395
81	-2.99882	-0.567633
82	-2.99878	-0.582032
83	-2.99874	-0.596586
84	-2.9987	-0.611286
85	-2.99867	-0.626141
86	-2.99863	-0.641153
87	-2.99859	-0.656332
88	-2.99854	-0.671684
89	-2.9985	-0.687209
90	-2.99846	-0.702914
91	-2.99842	-0.718787
92	-2.99837	-0.734824
93	-2.99833	-0.751017
94	-2.99828	-0.767366
95	-2.99823	-0.78388
96	-2.99819	-0.800523
97	-2.99814	-0.817275
98	-2.99809	-0.834136
99	-2.99804	-0.851118
100	-2.99799	-0.868235
101	-2.99794	-0.885496
102	-2.99789	-0.902893
103	-2.99783	-0.920403
104	-2.99778	-0.938037
105	-2.99773	-0.955788
106	-2.99767	-0.97366
107	-2.99761	-0.991661
108	-2.99756	-1.00979
109	-2.9975	-1.02806
110	-2.99744	-1.04647
111	-2.99738	-1.06503
112	-2.99732	-1.08374
113	-2.99726	-1.10262
114	-2.9972	-1.12165
115	-2.99713	-1.14083
116	-2.99707	-1.16016
117	-2.99701	-1.17964
118	-2.99694	-1.19927
119	-2.99687	-1.21904
120	-2.99681	-1.23895
121	-2.99674	-1.25898
122	-2.99667	-1.27911
123	-2.9966	-1.29936
124	-2.99653	-1.31973
125	-2.99646	-1.34023
126	-2.99639	-1.36083
127	-2.99632	-1.38153
128	-2.99624	-1.40233
129	-2.99617	-1.42325
130	-2.99609	-1.44425
131	-2.99601	-1.46536
132	-2.99594	-1.48655
133	-2.99586	-1.50783
134	-2.99578	-1.52919
135	-2.9957	-1.55064
136	-2.99561	-1.5722
137	-2.99553	-1.59385
138	-2.99545	-1.6156
139	-2.99536	-1.63747
140	-2.99527	-1.65944
141	-2.99518	-1.68155
142	-2.99509	-1.70376
143	-2.995	-1.72607
144	-2.99491	-1.74847
145	-2.99482	-1.77098
146	-2.99472	-1.79357
147	-2.99463	-1.81624
148	-2.99453	-1.83898
149	-2.99443	-1.8618
150	-2.99433	-1.8847
151	-2.99423	-1.90767
152	-2.99412	-1.93072
153	-2.99402	-1.95386
154	-2.99391	-1.9771
155	-2.9938	-2.00043
156	-2.9937	-2.02385
157	-2.99358	-2.04738
158	-2.99347	-2.07102
159	-2.99336	-2.09476
160	-2.99324	-2.11861
161	-2.99313	-2.14254
162	-2.99301	-2.16658
163	-2.99289	-2.1907
164	-2.99277	-2.21491
165	-2.99264	-2.23921
166	-2.99252	-2.26358
167	-2.99239	-2.28804
168	-2.99226	-2.31256
169	-2.99213	-2.33714
170	-2.992	-2.36177
171	-2.99187	-2.38644
172	-2.99173	-2.41114
173	-2.99159	-2.43589
174	-2.99146	-2.46069
175	-2.99131	-2.48554
176	-2.99117	-2.51045
177	-2.99103	-2.53542
178	-2.99088	-2.56043
179	-2.99073	-2.58549
180	-2.99058	-2.6106
181	-2.99043	-2.63574
182	-2.99027	-2.66091
183	-2.99012	-2.68612
184	-2.98996	-2.71136
185	-2.9898	-2.73662
186	-2.98963	-2.76191
187	-2.98947	-2.78725
188	-2.9893	-2.81264
189	-2.98913	-2.83807
190	-2.98896	-2.86354
191	-2.98879	-2.88905
192	-2.98861	-2.91458
193	-2.98843	-2.94014
194	-2.98825	-2.96572
195	-2.98807	-2.99131
196	-2.98788	-3.01689
197	-2.98769	-3.04249
198	-2.9875	-3.06809
199	-2.98731	-3.09372
200	-2.98711	-3.11936
201	-2.98692	-3.14503
202	-2.98672	-3.17073
203	-2.98651	-3.19645
204	-2.98631	-3.2222
205	-2.9861	-3.24797
206	-2.98589	-3.27374
207	-2.98567	-3.29951
208	-2.98546	-3.32528
209	-2.98524	-3.35103
210	-2.98502	-3.37677
211	-2.98479	-3.4025
212	-2.98457	-3.42823
213	-2.98434	-3.45395
214	-2.9841	-3.47965
215	-2.98387	-3.50531
216	-2.98363	-3.53093
217	-2.98339	-3.55648
218	-2.98314	-3.58198
219	-2.9829	-3.6074
220	-2.98264	-3.63277
221	-2.98239	-3.6581
222	-2.98213	-3.68339
223	-2.98187	-3.70862
224	-2.98161	-3.7338
225	-2.98134	-3.75893
226	-2.98107	-3.78397
227	-2.98079	-3.80895
228	-2.98051	-3.83385
229	-2.98023	-3.85867
230	-2.97995	-3.88343
231	-2.97966	-3.90815
232	-2.97936	-3.93285
233	-2.97907	-3.95751
234	-2.97877	-3.98213
235	-2.97846	-4.00671
236	-2.97815	-4.03124
237	-2.97784	-4.05572
238	-2.97752	-4.08015
239	-2.9772	-4.10451
240	-2.97688	-4.12882
241	-2.97655	-4.15305
242	-2.97622	-4.17724
243	-2.97588	-4.20137
244	-2.97554	-4.22546
245	-2.97519	-4.24951
246	-2.97484	-4.27353
247	-2.97449	-4.29749
248	-2.97413	-4.3214
249	-2.97377	-4.34523
250	-2.9734	-4.36898
251	-2.97303	-4.39264
252	-2.97266	-4.41621
253	-2.97227	-4.43968
254	-2.97189	-4.46309
255	-2.9715	-4.4864
256	-2.97111	-4.50963
257	-2.97071	-4.53276
258	-2.9703	-4.55576
259	-2.9699	-4.57865
260	-2.96948	-4.60144
261	-2.96906	-4.62416
262	-2.96864	-4.64678
263	-2.96821	-4.66932
264	-2.96778	-4.69177
265	-2.96734	-4.71411
266	-2.9669	-4.73636
267	-2.96645	-4.75855
268	-2.966	-4.78067
269	-2.96554	-4.80271
270	-2.96507	-4.82465
271	-2.9646	-4.84649
272	-2.96413	-4.86823
273	-2.96365	-4.88986
274	-2.96316	-4.91139
275	-2.96267	-4.93281
276	-2.96217	-4.95409
277	-2.96167	-4.97524
278	-2.96116	-4.99627
279	-2.96065	-5.01719
280	-2.96013	-5.038
281	-2.95961	-5.05868
282	-2.95907	-5.07923
283	-2.95854	-5.09963
284	-2.95799	-5.1199
285	-2.95745	-5.14003
286	-2.95689	-5.16002
287	-2.95633	-5.17988
288	-2.95576	-5.19961
289	-2.95519	-5.2192
290	-2.95461	-5.23865
291	-2.95402	-5.25794
292	-2.95343	-5.27708
293	-2.95283	-5.29607
294	-2.95223	-5.31488
295	-2.95161	-5.33353
296	-2.951	-5.35202
297	-2.95037	-5.37035
298	-2.94974	-5.38853
299	-2.9491	-5.40657
300	-2.94845	-5.42446
301	-2.9478	-5.44223
302	-2.94714	-5.4599
303	-2.94647	-5.47744
304	-2.9458	-5.49486
305	-2.94512	-5.51213
306	-2.94443	-5.52926
307	-2.94374	-5.54623
308	-2.94304	-5.56304
309	-2.94233	-5.57972
310	-2.94161	-5.59624
311	-2.94089	-5.61262
312	-2.94016	-5.62881
313	-2.93942	-5.64483
314	-2.93867	-5.66067
315	-2.93792	-5.67632
316	-2.93716	-5.69178
317	-2.93639	-5.70708
318	-2.93561	-5.72222
319	-2.93483	-5.73719
320	-2.93404	-5.75198
321	-2.93324	-5.7666
322	-2.93243	-5.78102
323	-2.93162	-5.79524
324	-2.93079	-5.80926
325	-2.92996	-5.82309
326	-2.92912	-5.83673
327	-2.92827	-5.85015
328	-2.92742	-5.86338
329	-2.92655	-5.8764
330	-2.92568	-5.88923
331	-2.9248	-5.90187
332	-2.9239	-5.91431
333	-2.92301	-5.92654
334	-2.9221	-5.93857
335	-2.92118	-5.95039
336	-2.92025	-5.96201
337	-2.91932	-5.97342
338	-2.91838	-5.98461
339	-2.91742	-5.99559
340	-2.91646	-6.00636
341	-2.91549	-6.01692
342	-2.91451	-6.02727
343	-2.91352	-6.03741
344	-2.91252	-6.04731
345	-2.91151	-6.057
346	-2.91049	-6.06647
347	-2.90946	-6.07573
348	-2.90843	-6.08478
349	-2.90738	-6.09363
350	-2.90632	-6.10231
351	-2.90525	-6.11081
352	-2.90417	-6.1191
353	-2.90309	-6.12721
354	-2.90199	-6.13511
355	-2.90088	-6.14282
356	-2.89976	-6.15033
357	-2.89863	-6.15763
358	-2.89749	-6.16473
359	-2.89634	-6.17163
360	-2.89518	-6.17834
361	-2.89401	-6.18484
362	-2.89283	-6.19112
363	-2.89164	-6.19718
364	-2.89044	-6.20302
365	-2.88923	-6.20863
366	-2.88801	-6.214
367	-2.88677	-6.21911
368	-2.88553	-6.22398
369	-2.88427	-6.22861
370	-2.883	-6.23299
371	-2.88172	-6.23714
372	-2.88043	-6.24106
373	-2.87913	-6.24475
374	-2.87782	-6.24823
375	-2.8765	-6.25151
376	-2.87516	-6.25459
377	-2.87381	-6.25746
378	-2.87246	-6.26012
379	-2.87109	-6.26255
380	-2.8697	-6.26474
381	-2.86831	-6.26668
382	-2.8669	-6.26838
383	-2.86549	-6.26984
384	-2.86406	-6.27106
385	-2.86262	-6.27205
386	-2.86116	-6.27278
387	-2.85969	-6.27326
388	-2.85822	-6.2735
389	-2.85672	-6.2735
390	-2.85522	-6.27326
391	-2.8537	-6.27278
392	-2.85218	-6.27205
393	-2.85063	-6.27109
394	-2.84908	-6.26989
395	-2.84751	-6.26846
396	-2.84593	-6.26678
397	-2.84434	-6.26486
398	-2.84273	-6.2627
399	-2.84111	-6.2603
400	-2.83948	-6.25767
401	-2.83784	-6.25482
402	-2.83618	-6.25174
403	-2.83451	-6.24844
404	-2.83282	-6.24491
405	-2.83112	-6.24116
406	-2.82941	-6.23718
407	-2.82769	-6.23296
408	-2.82595	-6.2285
409	-2.8242	-6.2238
410	-2.82243	-6.21884
411	-2.82065	-6.21361
412	-2.81886	-6.20813
413	-2.81705	-6.20237
414	-2.81523	-6.19633
415	-2.81339	-6.19
416	-2.81154	-6.18339
417	-2.80968	-6.17649
418	-2.8078	-6.16931
419	-2.80591	-6.16185
420	-2.804	-6.15412
421	-2.80208	-6.14613
422	-2.80014	-6.13787
423	-2.79819	-6.12933
424	-2.79623	-6.12052
425	-2.79425	-6.11145
426	-2.79225	-6.10212
427	-2.79024	-6.09254
428	-2.78822	-6.0827
429	-2.78618	-6.07261
430	-2.78413	-6.06226
431	-2.78206	-6.05166
432	-2.77997	-6.0408
433	-2.77787	-6.02969
434	-2.77576	-6.01834
435	-2.77362	-6.00675
436	-2.77148	-5.99489
437	-2.76932	-5.98276
438	-2.76714	-5.97035
439	-2.76495	-5.95767
440	-2.76274	-5.94473
441	-2.76051	-5.93153
442	-2.75827	-5.91808
443	-2.75601	-5.90438
444	-2.75374	-5.89044
445	-2.75145	-5.87625
446	-2.74915	-5.86181
447	-2.74683	-5.84712
448	-2.74449	-5.83219
449	-2.74214	-5.81702
450	-2.73977	-5.80163
451	-2.73738	-5.786
452	-2.73498	-5.77015
453	-2.73256	-5.75408
454	-2.73013	-5.73778
455	-2.72768	-5.72126
456	-2.72521	-5.70451
457	-2.72273	-5.68753
458	-2.72023	-5.67031
459	-2.71771	-5.65285
460	-2.71517	-5.63514
461	-2.71262	-5.61716
462	-2.71006	-5.59892
463	-2.70747	-5.58043
464	-2.70487	-5.56167
465	-2.70225	-5.54266
466	-2.69961	-5.5234
467	-2.69696	-5.50388
468	-2.69429	-5.4841
469	-2.6916	-5.46406
470	-2.6889	-5.44376
471	-2.68617	-5.4232
472	-2.68343	-5.40239
473	-2.68068	-5.38133
474	-2.6779	-5.36002
475	-2.67511	-5.33846
476	-2.6723	-5.31668
477	-2.66947	-5.29466
478	-2.66662	-5.27242
479	-2.66376	-5.24995
480	-2.66087	-5.22725
481	-2.65797	-5.20431
482	-2.65505	-5.18115
483	-2.65212	-5.15776
484	-2.64916	-5.13418
485	-2.64619	-5.11039
486	-2.6432	-5.08641
487	-2.64019	-5.06221
488	-2.63716	-5.03779
489	-2.63411	-5.01313
490	-2.63105	-4.98826
491	-2.62796	-4.96315
492	-2.62486	-4.93782
493	-2.62174	-4.91228
494	-2.6186	-4.88651
495	-2.61544	-4.86054
496	-2.61226	-4.83435
497	-2.60907	-4.80794
498	-2.60585	-4.78131
499	-2.60262	-4.75445
500	-2.59936	-4.72698
501	-2.59609	-4.6989
502	-2.5928	-4.67019
503	-2.58948	-4.64087
504	-2.58615	-4.61093
505	-2.5828	-4.58037
506	-2.57943	-4.54919
507	-2.57604	-4.51739
508	-2.57263	-4.48498
509	-2.56919	-4.45197
510	-2.56574	-4.41834
511	-2.56227	-4.38411
512	-2.55877	-4.34927
513	-2.55525	-4.31383
514	-2.55172	-4.27778
515	-2.54816	-4.24113
516	-2.54458	-4.20388
517	-2.54098	-4.16603
518	-2.53735	-4.12757
519	-2.53371	-4.08851
520	-2.53004	-4.04886
521	-2.52635	-4.00862
522	-2.52264	-3.96779
523	-2.5189	-3.92637
524	-2.51515	-3.88439
525	-2.51137	-3.84183
526	-2.50757	-3.79868
527	-2.50374	-3.75494
528	-2.49989	-3.7106
529	-2.49602	-3.66568
530	-2.49212	-3.62017
531	-2.4882	-3.57408
532	-2.48426	-3.5274
533	-2.48029	-3.48013
534	-2.4763	-3.43227
535	-2.47228	-3.38382
536	-2.46824	-3.33479
537	-2.46418	-3.28519
538	-2.46009	-3.23502
539	-2.45598	-3.18429
540	-2.45184	-3.13302
541	-2.44767	-3.0812
542	-2.44348	-3.02883
543	-2.43927	-2.9759
544	-2.43503	-2.92245
545	-2.43076	-2.86845
546	-2.42647	-2.81392
547	-2.42215	-2.75883
548	-2.41781	-2.70317
549	-2.41344	-2.64697
550	-2.40904	-2.59022
551	-2.40462	-2.53293
552	-2.40017	-2.47509
553	-2.3957	-2.4167
554	-2.39119	-2.35779
555	-2.38666	-2.29835
556	-2.38211	-2.23835
557	-2.37752	-2.17782
558	-2.37291	-2.11676
559	-2.36828	-2.05517
560	-2.36361	-1.99306
561	-2.35892	-1.93042
562	-2.3542	-1.86725
563	-2.34945	-1.80357
564	-2.34467	-1.73938
565	-2.33986	-1.67468
566	-2.33503	-1.60946
567	-2.33017	-1.54373
568	-2.32528	-1.47748
569	-2.32036	-1.41071
570	-2.31541	-1.34342
571	-2.31044	-1.27563
572	-2.30543	-1.20734
573	-2.3004	-1.13855
574	-2.29533	-1.06928
575	-2.29024	-0.999533
576	-2.28512	-0.929314
577	-2.27996	-0.858628
578	-2.27478	-0.787483
579	-2.26957	-0.715888
580	-2.26433	-0.643849
581	-2.25906	-0.571372
582	-2.25375	-0.498456
583	-2.24842	-0.425097
584	-2.24306	-0.351291
585	-2.23767	-0.277047
586	-2.23224	-0.202366
587	-2.22679	-0.127253
588	-2.2213	-0.0517133
589	-2.21579	0.0242458
590	-2.21024	0.100619
591	-2.20466	0.177401
592	-2.19905	0.25459
593	-2.19341	0.33218
594	-2.18774	0.410165
595	-2.18204	0.488545
596	-2.17631	0.567318
597	-2.17054	0.646477
598	-2.16474	0.726017
599	-2.15891	0.805937
600	-2.15305	0.886239
601	-2.14716	0.966947
602	-2.14124	1.04803
603	-2.13528	1.12949
604	-2.12929	1.21133
605	-2.12327	1.29357
606	-2.11721	1.37618
607	-2.11113	1.45917
608	-2.10501	1.54254
609	-2.09886	1.62629
610	-2.09267	1.7104
611	-2.08646	1.79486
612	-2.0802	1.87968
613	-2.07392	1.96486
614	-2.0676	2.05038
615	-2.06125	2.13623
616	-2.05487	2.22236
617	-2.04845	2.30875
618	-2.042	2.39532
619	-2.03552	2.48183
620	-2.029	2.56754
621	-2.02245	2.64805
622	-2.01586	2.70797
623	-2.00925	2.75911
624	-2.00259	2.80877
625	-1.9959	2.85815
626	-1.98918	2.90759
627	-1.98243	2.95721
628	-1.97564	3.00705
629	-1.96881	3.05714
630	-1.96195	3.10749
631	-1.95506	3.15811
632	-1.94813	3.209
633	-1.94117	3.26017
634	-1.93417	3.31162
635	-1.92714	3.36337
636	-1.92007	3.4154
637	-1.91297	3.46774
638	-1.90584	3.52037
639	-1.89866	3.57329
640	-1.89146	3.6265
641	-1.88421	3.67998
642	-1.87693	3.73375
643	-1.86962	3.78781
644	-1.86227	3.84215
645	-1.85489	3.89677
646	-1.84747	3.95166
647	-1.84001	4.00682
648	-1.83252	4.06225
649	-1.82499	4.11793
650	-1.81742	4.17387
651	-1.80982	4.23007
652	-1.80219	4.28652
653	-1.79451	4.34321
654	-1.78681	4.40014
655	-1.77906	4.45729
656	-1.77128	4.51467
657	-1.76346	4.57229
658	-1.75561	4.63014
659	-1.74772	4.68822
660	-1.73979	4.74654
661	-1.73183	4.80509
662	-1.72383	4.86388
663	-1.71579	4.9229
664	-1.70772	4.98215
665	-1.69961	5.04163
666	-1.69147	5.10134
667	-1.68328	5.16129
668	-1.67506	5.22147
669	-1.66681	5.28189
670	-1.65851	5.34252
671	-1.65018	5.40339
672	-1.64182	5.46447
673	-1.63341	5.52574
674	-1.62497	5.58721
675	-1.61649	5.64886
676	-1.60797	5.71071
677	-1.59942	5.77276
678	-1.59083	5.835
679	-1.5822	5.89742
680	-1.57354	5.96004
681	-1.56483	6.02285
682	-1.55609	6.08586
683	-1.54732	6.14905
684	-1.5385	6.21245
685	-1.52965	6.27604
686	-1.52076	6.33982
687	-1.51183	6.40379
688	-1.50286	6.46796
689	-1.49386	6.53229
690	-1.48482	6.5968
691	-1.47574	6.66149
692	-1.46662	6.72635
693	-1.45746	6.79138
694	-1.44827	6.85658
695	-1.43903	6.92197
696	-1.42976	6.98754
697	-1.42046	7.05329
698	-1.41111	7.11922
699	-1.40172	7.18531
700	-1.3923	7.25157
701	-1.38284	7.31801
702	-1.37334	7.38463
703	-1.3638	7.45142
704	-1.35422	7.51836
705	-1.3446	7.58546
706	-1.33495	7.65269
707	-1.32526	7.72006
708	-1.31553	7.78752
709	-1.30576	7.85509
710	-1.29595	7.92275
711	-1.2861	7.99051
712	-1.27622	8.05838
713	-1.26629	8.12634
714	-1.25633	8.19441
