1	-0.063862	-63.862141
2	-0.229894	-102.169425
3	-0.367740	-35.676799
4	-0.358300	45.116547
5	-0.205280	107.903274
6	-0.033711	63.666551
7	0.023979	-5.976793
8	-0.055157	-73.159419
9	-0.239315	-110.998278
10	-0.390749	-40.435685
11	-0.384783	46.401182
12	-0.223594	114.787577
13	-0.035340	73.466800
14	0.041016	2.889303
15	-0.024799	-68.703915
16	-0.206168	-112.665567
17	-0.366322	-47.488851
18	-0.376958	36.853405
19	-0.233470	106.634299
20	-0.056797	70.039333
21	0.018871	5.628634
22	-0.036323	-60.823519
23	-0.199873	-102.726265
24	-0.341996	-39.396363
25	-0.341460	39.932083
26	-0.197990	103.537697
27	-0.032377	62.076090
28	0.025754	-3.945952
29	-0.046302	-68.109614
30	-0.219151	-104.731044
31	-0.359137	-35.255164
32	-0.345761	48.631702
33	-0.183744	113.384809
34	-0.001159	69.200773
35	0.065717	-2.324652
36	-0.009178	-72.571295
37	-0.195180	-113.430498
38	-0.353247	-44.636441
39	-0.355493	42.391113
40	-0.200250	112.851144
41	-0.012742	74.657497
42	0.068926	7.009773
43	0.012912	-63.022939
44	-0.157528	-107.417554
45	-0.309440	-44.494088
46	-0.317258	36.675933
47	-0.176947	103.634502
48	-0.007617	65.696056
49	0.060037	1.958111
50	-0.000079	-62.074156
51	-0.162931	-100.777837
52	-0.298458	-34.749344
53	-0.287509	45.697802
54	-0.133417	108.394742
55	0.039339	64.360624
56	0.098830	-4.868809
57	0.022370	-71.591779
58	-0.158331	-109.109097
59	-0.305932	-38.491922
60	-0.296313	48.106999
61	-0.132141	116.064847
62	0.058217	74.293583
63	0.135934	3.423452
64	0.071170	-68.187462
65	-0.108902	-111.884770
66	-0.267057	-46.269614
67	-0.274815	38.511301
68	-0.127748	108.555515
69	0.126069	145.261926
70	0.322572	51.240796
71	0.311237	-62.576070
72	0.098009	-150.651532
73	-0.166500	-113.857424
74	-0.311156	-30.798665
75	-0.276645	65.309199
76	-0.075305	136.031505
77	0.243613	182.885525
78	0.490277	63.778734
79	0.474040	-80.015280
80	0.203065	-190.959589
81	-0.212559	-224.664408
82	-0.541674	-104.450550
83	-0.588037	58.086788
84	-0.332085	197.865983
85	0.124743	258.961578
86	0.540919	157.214698
87	0.693352	-4.782091
88	0.527003	-161.566829
89	0.115324	-250.112495
90	-0.331648	-196.846727
91	-0.602895	-74.400751
92	-0.613431	63.865096
93	-0.389852	159.714154
94	-0.055720	174.417633
95	0.240327	121.629957
96	0.524407	162.449720
97	0.868640	181.783417
98	1.230107	179.683321
99	1.574834	165.043875
100	1.890452	150.573930
101	2.187446	146.420213
102	2.489843	155.977073
103	2.821468	175.647481
104	3.194959	197.843400
105	3.608039	215.236697
106	4.047491	224.215446
107	4.497738	226.031396
108	4.948863	225.093674
109	5.399284	225.327619
110	5.851594	226.982053
111	6.304893	226.317119
112	6.749679	218.468546
113	7.169466	201.318359
114	7.548533	177.748426
115	7.881272	154.991192
116	8.177658	141.394667
117	8.461080	142.026797
118	8.758251	155.144268
119	9.085008	171.612737
120	9.434995	178.353860
121	9.778076	164.726880
122	-9.929027	128.170363
123	-9.724591	76.265769
124	-9.566110	82.215632
125	-9.448137	35.757063
126	-9.454230	-41.849983
127	-9.611099	-115.019285
128	-9.875172	-149.053481
129	9.913684	-62.090128
130	9.902042	50.447256
131	-9.908173	139.338447
132	-9.603067	165.767098
133	-9.331149	106.150569
134	-9.195532	29.467030
135	-9.192734	-26.669331
136	-9.255297	-35.893546
137	-9.284512	6.678845
138	-9.193448	84.384912
139	-8.941565	167.497789
140	-8.547746	226.321950
141	-8.077678	243.745595
142	-7.611984	221.948129
143	-7.210341	179.695180
144	-6.889552	141.094291
145	-6.625628	122.828991
146	-6.374609	128.190023
147	-6.097025	149.394183
148	-5.773639	173.992273
149	-5.408116	191.530607
150	-5.018324	198.242721
151	-4.621802	198.279046
152	-4.223369	200.153360
153	-3.813623	209.593130
154	-3.380908	223.122134
155	-2.928898	228.887458
156	-2.484972	215.039105
157	-2.091298	178.634533
158	-1.783690	128.973297
159	-1.570412	84.305198
160	-1.422064	64.041994
161	-1.278377	79.645027
162	-1.071282	127.449930
163	-0.756883	186.949447
164	-0.342142	227.791887
165	0.109822	224.171810
166	0.502496	168.502297
167	0.793022	122.023388
168	1.050506	135.460481
169	1.400634	214.667969
170	1.666862	51.559759
171	1.585352	-133.069957
172	1.187062	-265.219359
173	0.630272	-291.570516
174	0.043293	-295.409015
175	-0.472920	-220.803973
176	-0.806806	-113.082384
177	-0.946754	-26.865312
178	-0.971941	1.678358
179	-1.003460	-33.197750
180	-1.147779	-111.127439
181	-1.456846	-197.939117
182	-1.915813	-261.027852
183	-2.460116	-283.275210
184	-3.013524	-270.133041
185	-3.528206	-244.549214
186	-4.001813	-229.057532
187	-4.458749	-227.878622
188	-4.914168	-227.540027
189	-5.354074	-212.366712
190	-5.743891	-177.449477
191	-6.053623	-132.283123
192	-6.282687	-96.780855
193	-6.472111	-92.643398
194	-6.697083	-132.327721
195	-7.037108	-207.698084
196	-7.530128	-285.321357
197	-8.135194	-319.744528
198	-8.735084	-280.145355
199	-9.184503	-169.273891
200	-9.612113	-258.336281
201	9.888118	-241.432842
202	9.521545	-125.139654
203	9.440619	44.213016
204	9.683779	198.946843
205	-9.840216	277.058748
206	-9.316031	247.126091
207	-8.704335	364.569707
208	-7.946505	393.260935
209	-7.209864	343.379694
210	-6.604704	261.774238
211	-6.142828	200.101998
212	-5.760762	181.963451
213	-5.379410	199.388659
214	-4.950170	229.851577
215	-4.467760	252.558643
216	-3.956703	258.497797
217	-3.443790	254.414935
218	-2.929856	259.519218
219	-2.378118	292.218863
220	-1.737321	348.578504
221	-0.995865	392.877074
222	-0.222331	380.657209
223	0.450726	292.399315
224	0.890754	147.629398
225	1.034665	-3.718791
226	0.927320	-103.626257
227	0.711753	-111.940214
228	0.572726	-27.086852
229	0.652390	106.750762
230	0.975544	216.402607
231	1.442156	250.209806
232	2.051066	358.699777
233	2.961718	551.952739
234	3.849480	335.809501
235	4.430487	245.197155
236	4.936638	260.953727
237	5.506180	308.588306
238	6.149661	334.892344
239	6.806031	321.478123
240	7.415732	288.236252
241	7.996491	292.522009
242	8.699293	410.280355
243	9.739717	630.143481
244	-8.865665	764.475037
245	-7.443959	657.230371
246	-6.505097	281.631829
247	-6.439347	-215.882101
248	-7.289197	-633.967478
249	-8.723341	-800.176614
250	9.882745	-593.737612
251	9.125666	-163.340554
252	9.256990	294.663960
253	-9.859262	589.083831
254	-8.651300	618.878321
255	-7.327781	704.641187
256	-5.895890	727.249513
257	-4.425715	742.925034
258	-2.935725	747.065499
259	-1.492049	696.610799
260	-0.225181	570.256657
261	0.738092	393.016660
262	1.354126	223.017397
263	1.698162	121.017857
264	1.987922	168.743023
265	2.469913	313.247483
266	3.266616	483.455846
267	4.166826	416.753553
268	5.049837	466.258322
269	6.045893	529.797536
270	7.137752	561.952214
271	8.604223	904.519030
272	-9.508185	983.072634
273	-9.353452	-828.339114
274	8.760558	-1057.650947
275	6.645232	-1057.675955
276	4.341196	-1246.359072
277	1.580213	-1514.624002
278	-1.091500	-1157.089894
279	-3.170950	-922.359728
